4256.08	4814.30	1211.92
4291.53	4814.30	1202.08
4290.50	4846.95	1188.05
4258.24	4806.04	1183.74
4300.94	4824.25	1187.89
4316.40	4854.09	1186.19
4307.37	4840.70	1190.25
4258.01	4818.72	1182.99
4208.82	4783.58	1187.70
4212.14	4800.31	1177.45
4232.36	4820.78	1184.52
4245.51	4846.66	1184.52
4250.71	4823.90	1195.98
4245.55	4818.34	1184.63
4220.43	4800.83	1175.41
4213.70	4803.26	1167.87
4201.89	4812.52	1163.75
4233.95	4843.20	1168.41
4214.12	4847.10	1174.07
4216.41	4853.38	1174.55
4201.81	4832.84	1171.36
4254.85	4852.31	1181.27
4279.97	4906.21	1189.41
4296.31	4916.24	1193.19
4281.64	4908.30	1189.89
4339.28	4941.50	1203.03
4366.35	4979.82	1201.72
4371.39	4995.46	1202.30
4353.15	4990.42	1191.99
4342.01	4999.99	1197.01
4387.80	5044.19	1205.30
4386.40	5041.80	1206.14
4402.03	5058.88	1210.12
4368.77	5053.22	1210.34
4369.68	5057.41	1200.75
4359.47	5057.16	1201.59
4353.34	5060.79	1201.59
4323.21	5032.85	1184.16
4310.66	4988.45	1190.80
4304.29	4972.05	1200.20
4348.64	5006.77	1211.37
4350.49	4968.50	1203.60
4383.62	5000.47	1210.41
4393.43	4992.82	1210.08
4373.27	5014.79	1210.47
4423.52	5036.27	1222.12
4428.09	5027.19	1225.31
4396.50	5010.92	1219.43
4375.60	4996.05	1207.01
4337.68	4962.06	1209.25
4360.49	4982.05	1200.08
4367.30	4975.02	1206.83
4387.69	5000.24	1197.75
4309.11	4937.62	1188.07
4315.92	4922.12	1190.21
4327.18	4923.30	1189.65
4296.36	4933.47	1183.78
4320.69	4937.26	1171.71
4317.20	4910.44	1172.53
4343.60	4922.50	1171.42
4343.60	4922.50	1171.42
4343.60	4922.50	1174.28
4351.89	4918.96	1165.36
4347.52	4900.74	1181.41
4348.77	4894.37	1180.59
4373.53	4914.03	1172.92
4341.39	4896.74	1176.12
4362.61	4942.89	1181.39
4379.18	4947.42	1184.07
4389.52	4977.01	1191.14
4400.68	4983.65	1181.20
4396.09	4973.25	1181.21
4372.12	4946.19	1187.76
4405.69	4960.82	1173.79
4402.05	4945.39	1162.05
4312.25	4891.62	1142.62
4202.20	4827.12	1145.98
4204.61	4855.55	1152.78
4178.62	4822.04	1137.50
4193.70	4819.63	1159.95
4223.04	4849.28	1152.12
4246.96	4864.88	1162.10
4233.76	4845.52	1151.74
4189.02	4789.43	1156.38
4178.10	4790.19	1143.22
4184.84	4801.68	1156.85
4224.02	4801.68	1162.16
4245.54	4861.25	1161.17
4264.35	4882.45	1175.65
4299.51	4902.32	1172.63
4311.06	4918.85	1171.35
4292.41	4910.26	1178.84
4251.13	4892.43	1166.22
4244.16	4875.38	1171.11
4267.05	4893.25	1159.36
4275.70	4886.48	1154.05
4262.18	4884.18	1165.69
4251.77	4898.54	1173.80
4324.60	4949.38	1185.56
4360.42	4962.67	1191.08
4360.68	4971.79	1189.28
4406.95	4989.82	1193.86
4396.64	4982.46	1194.07
4389.54	4971.54	1190.01
4436.60	4994.92	1197.62
4444.71	4986.28	1198.78
4480.43	4986.28	1198.78
4460.63	4963.97	1191.50
4527.17	5011.04	1202.27
4532.17	5005.00	1204.29
4510.39	4999.38	1196.02
4497.26	4980.41	1197.51
4566.01	5025.25	1197.26
4557.29	5003.73	1194.67
4562.75	5009.20	1200.93
4586.10	5030.38	1198.11
4599.21	5050.36	1200.82
4591.69	5046.76	1203.91
4548.42	5019.48	1206.58
4579.87	5044.98	1210.96
4604.57	5077.61	1216.96
4586.86	5071.96	1216.10
4608.11	5082.12	1213.61
4619.60	5099.28	1213.88
4627.48	5114.38	1200.73
4566.48	5078.97	1191.57
4523.82	5043.53	1190.69
4557.46	5090.40	1201.57
4583.63	5109.14	1199.85
4586.28	5113.16	1191.33
4617.07	5161.01	1194.44
4623.41	5184.33	1194.44
4603.65	5190.14	1204.99
4615.49	5229.64	1194.94
4530.18	5158.27	1197.87
4597.97	5232.15	1211.86
4663.38	5242.37	1219.44
4653.03	5217.15	1222.21
4679.89	5245.87	1223.29
4699.27	5259.66	1226.50
4712.90	5230.85	1227.92
4719.57	5214.24	1221.13
4770.54	5201.55	1229.35
4784.50	5215.24	1235.20
4829.87	5221.59	1227.04
4836.90	5241.80	1233.68
4842.70	5270.70	1229.03
4843.49	5256.16	1231.16
4855.35	5263.63	1236.79
4892.50	5270.32	1243.72
4886.50	5282.30	1234.18
4890.85	5290.85	1235.35
4932.87	5327.47	1244.12
4923.12	5332.30	1245.04
4874.06	5315.53	1235.86
4827.18	5314.75	1226.42
4837.86	5344.29	1223.13
4909.48	5363.72	1231.38
4990.57	5377.48	1229.13
4953.93	5358.57	1237.81
4937.33	5345.78	1230.39
4922.34	5344.24	1233.87
4883.81	5322.35	1219.34
4871.46	5292.71	1220.24
4851.27	5269.32	1219.02
4929.91	5312.62	1219.71
4941.69	5318.44	1221.73
4917.74	5300.24	1217.57
4915.95	5275.23	1209.59
4856.01	5255.66	1212.39
4783.80	5228.06	1205.10
4812.24	5228.06	1212.28
4791.72	5255.80	1208.41
4829.69	5296.92	1220.33
4842.94	5328.51	1221.59
4837.81	5326.85	1218.02
4909.89	5337.84	1218.02
4968.28	5359.15	1233.39
4988.14	5365.93	1236.36
4992.75	5340.79	1231.67
5005.93	5359.31	1241.48
4989.98	5375.10	1240.56
4901.88	5338.01	1231.20
4911.17	5347.44	1227.16
4905.98	5383.45	1227.73
4986.50	5407.90	1237.91
4926.13	5429.68	1231.02
4962.86	5416.36	1221.34
4875.22	5369.68	1210.20
4849.01	5385.73	1214.62
4882.58	5413.56	1215.29
4998.16	5453.08	1215.63
4965.88	5447.31	1215.66
5048.74	5494.79	1216.89
5021.17	5478.22	1227.68
5044.12	5477.71	1228.81
5082.07	5501.55	1226.70
5138.02	5494.43	1214.47
5069.42	5427.82	1196.39
5017.27	5372.37	1191.49
5007.77	5362.30	1195.90
5022.79	5374.55	1187.33
5032.46	5380.67	1184.87
4981.77	5342.16	1177.68
4950.07	5265.22	1176.84
4975.56	5275.00	1186.57
4978.83	5286.53	1190.10
4947.18	5263.93	1178.14
4845.98	5167.85	1195.76
4864.25	5164.07	1177.80
4838.40	5142.12	1179.59
4901.79	5207.60	1199.38
4872.97	5182.12	1196.54
4900.79	5227.81	1191.38
4806.05	5182.75	1178.90
4825.64	5213.40	1198.41
4929.07	5317.28	1207.01
4922.55	5344.33	1202.76
4954.83	5358.63	1214.76
5011.00	5431.93	1219.94
4995.24	5423.56	1220.14
5024.20	5460.80	1222.81
5008.83	5460.91	1218.59
5011.38	5439.81	1220.65
5015.55	5423.50	1230.96
5090.75	5465.06	1234.72
5092.43	5470.00	1233.76
5110.61	5439.60	1229.01
5081.46	5429.95	1231.21
5099.72	5460.02	1242.80
5123.50	5498.90	1248.27
5170.61	5497.94	1254.85
5174.72	5517.21	1261.23
5196.08	5531.71	1265.61
5187.98	5511.01	1265.61
5194.27	5523.84	1268.25
5176.59	5477.37	1257.46
5199.48	5490.99	1257.48
5193.40	5423.17	1249.48
5266.55	5486.12	1264.67
5307.99	5528.08	1265.08
5266.86	5510.39	1262.09
5300.85	5538.77	1263.70
5266.75	5528.84	1257.37
5286.75	5531.11	1255.84
5282.13	5517.42	1259.37
5301.21	5501.48	1260.43
5310.28	5507.24	1267.43
5286.76	5521.13	1272.74
5295.82	5495.34	1270.94
5353.66	5531.63	1267.32
5350.18	5539.78	1259.92
5356.60	5547.94	1259.62
5397.23	5587.38	1262.79
5398.28	5596.98	1268.12
5419.05	5595.45	1268.66
5419.05	5595.45	1268.66
5444.84	5595.45	1256.54
5447.15	5622.79	1258.17
5458.58	5638.32	1254.42
5408.26	5618.76	1248.29
5449.98	5618.76	1248.29
5460.68	5681.46	1268.80
5523.62	5714.58	1273.46
5516.53	5691.18	1273.48
5536.32	5731.78	1285.45
5537.11	5731.46	1290.15
5494.71	5688.83	1289.69
5532.89	5731.54	1294.18
5542.13	5735.15	1286.06
5483.09	5711.03	1287.61
5514.64	5740.24	1287.61
5460.16	5698.96	1282.93
5395.61	5663.65	1277.93
5430.84	5693.19	1285.04
5349.02	5672.36	1261.49
5348.72	5660.94	1263.82
5334.30	5633.80	1266.86
5427.09	5704.39	1264.68
5548.91	5722.61	1273.83
5647.42	5786.84	1283.72
5660.03	5779.84	1285.20
5674.15	5760.26	1280.08
5726.53	5801.63	1282.46
5649.60	5747.27	1270.84
5657.12	5759.32	1264.03
5666.78	5772.36	1265.02
5672.92	5746.79	1254.78
5666.41	5725.09	1265.65
5743.68	5808.75	1263.78
5701.47	5764.11	1266.99
5756.33	5793.51	1262.86
5763.40	5792.29	1275.53
5764.37	5791.46	1280.00
5789.25	5828.88	1289.38
5795.48	5846.17	1287.24
5793.95	5862.96	1287.24
5801.04	5857.66	1283.03
5862.06	5872.39	1292.67
5857.88	5836.04	1287.79
5870.79	5860.49	1289.43
5915.15	5875.86	1294.12
5796.04	5791.54	1280.66
5866.61	5844.07	1291.24
5783.49	5832.98	1289.14
5721.46	5858.69	1287.23
5754.06	5897.82	1278.26
5739.28	5857.37	1275.88
5673.36	5812.94	1278.47
5732.22	5855.89	1272.23
5804.92	5907.87	1281.58
5855.16	5952.84	1284.13
5870.88	5950.59	1297.48
5898.48	5965.06	1303.02
5897.79	5993.25	1305.33
5882.38	5999.41	1307.25
5902.79	5991.73	1305.08
5911.86	5991.25	1297.23
5932.31	6007.46	1305.04
5947.11	5990.06	1301.67
5973.14	6036.27	1302.95
5912.26	5972.18	1301.61
5890.63	5935.68	1293.23
5914.78	5959.22	1302.89
5984.19	6015.25	1300.25
5970.08	5964.57	1294.83
6024.05	6024.28	1297.81
6013.85	6004.69	1305.93
6029.20	6044.09	1311.56
6031.39	6045.65	1309.04
5952.92	6026.11	1295.50
6003.40	6066.98	1296.60
5908.47	6016.49	1286.57
5901.25	6000.84	1288.12
5918.57	6029.37	1289.12
5918.57	6029.37	1289.12
5918.57	6029.37	1285.33
5902.58	6044.13	1307.65
5993.76	6089.77	1309.93
6063.28	6081.41	1311.46
6094.75	6132.74	1311.28
6079.09	6098.71	1308.11
6078.80	6086.62	1301.74
6107.12	6104.34	1305.41
6067.74	6060.03	1309.72
6009.89	6023.14	1310.61
6009.89	6023.14	1305.19
6051.29	6082.07	1313.21
5968.96	6010.02	1307.85
6039.32	6036.89	1312.25
6113.29	6091.74	1325.76
6127.98	6067.10	1324.66
6140.72	6105.64	1325.14
6118.38	6083.39	1322.85
6054.72	6042.03	1305.92
5916.28	5912.11	1291.24
5857.03	5841.27	1294.50
5851.92	5846.18	1292.08
5652.72	5675.49	1270.32
5666.07	5671.59	1261.81
5672.28	5657.37	1267.03
5546.24	5532.72	1262.07
5678.49	5678.71	1256.58
5587.23	5587.06	1258.57
5706.06	5677.70	1272.88
5788.36	5791.00	1280.16
5755.02	5791.00	1280.16
5622.43	5652.02	1259.84
5692.86	5723.81	1270.09
5707.59	5749.69	1285.71
5687.04	5764.62	1288.22
5621.19	5762.13	1265.29
5502.81	5669.79	1263.85
5543.93	5706.29	1256.15
5383.28	5562.94	1257.93
5464.08	5655.20	1252.30
5395.55	5620.86	1236.40
5292.14	5519.63	1223.69
5305.99	5506.82	1230.04
5422.22	5619.28	1256.16
5376.01	5597.44	1251.54
5439.23	5626.09	1240.14
5493.61	5658.19	1240.12
5503.41	5665.03	1252.20
5533.42	5684.08	1245.60
5529.74	5692.14	1244.50
5514.63	5681.24	1250.56
5459.15	5652.25	1239.20
5456.87	5678.58	1246.00
5581.67	5791.48	1272.87
5683.31	5833.42	1270.20
5712.69	5884.44	1280.19
5729.01	5883.53	1280.19
5625.63	5826.68	1270.91
5695.47	5890.03	1274.08
5681.85	5888.86	1265.48
5706.32	5896.90	1267.34
5616.04	5857.30	1272.52
5637.82	5860.56	1258.60
5527.29	5765.02	1242.29
5422.22	5707.62	1236.20
5416.96	5700.97	1234.49
5396.85	5681.70	1236.86
5539.29	5777.96	1259.81
5545.82	5770.88	1249.13
5451.01	5719.74	1240.29
5578.05	5833.87	1260.91
5565.76	5851.16	1268.88
5583.10	5877.10	1268.40
5659.07	5929.49	1263.20
5705.42	5974.92	1278.55
5681.97	5928.33	1276.66
5596.74	5880.84	1270.92
5680.82	5932.11	1278.55
5640.03	5838.35	1280.27
5723.03	5889.40	1279.36
5626.67	5828.80	1275.77
5651.92	5818.09	1271.48
5702.81	5860.47	1265.95
5630.96	5823.38	1271.81
5628.37	5820.13	1266.74
5692.00	5870.87	1268.21
5776.80	5897.88	1285.58
5812.94	5896.60	1295.43
5833.51	5900.42	1297.48
5817.02	5903.36	1302.30
5794.83	5915.24	1297.52
5818.41	5902.64	1298.82
5775.54	5860.04	1292.99
5814.08	5869.09	1296.06
5811.47	5878.59	1295.09
5854.99	5878.59	1301.78
5847.02	5888.28	1304.28
5867.53	5929.34	1304.27
5859.57	5906.13	1303.82
5876.54	5949.15	1311.01
5909.72	5986.64	1311.01
5884.07	5981.69	1313.25
5813.06	5929.27	1300.26
5773.72	5858.12	1294.02
5795.26	5879.27	1298.92
5798.46	5850.77	1299.54
5873.85	5895.48	1313.11
5906.12	5892.15	1318.07
5907.37	5877.22	1316.28
5937.87	5877.01	1319.87
5926.33	5890.25	1321.18
5873.46	5831.79	1318.31
5954.38	5866.23	1325.18
5962.03	5896.73	1318.03
5883.32	5822.28	1314.78
5901.66	5798.31	1326.37
5960.63	5873.55	1336.34
5989.71	5930.14	1336.59
5989.16	5971.34	1339.15
6004.33	5960.81	1335.85
5999.46	5957.83	1331.32
5992.22	5937.09	1334.11
6046.37	5966.50	1350.22
6075.28	6004.52	1353.22
6085.82	6001.19	1349.58
6084.40	6030.88	1350.66
6117.71	6072.69	1353.42
6119.45	6073.51	1349.95
6160.28	6121.28	1362.83
6173.68	6157.31	1365.62
6186.54	6172.37	1369.05
6115.10	6108.62	1364.05
6182.78	6150.39	1365.96
6177.42	6155.97	1366.96
6202.82	6155.19	1368.60
6242.91	6166.13	1377.02
6247.52	6182.51	1377.38
6264.92	6214.55	1382.22
6284.19	6184.82	1389.08
6262.54	6160.88	1377.34
6258.19	6126.79	1377.93
6268.92	6129.22	1377.94
6291.90	6149.62	1367.81
6223.33	6149.28	1367.34
6241.15	6148.13	1364.30
6330.65	6224.54	1379.78
6361.96	6243.96	1382.84
6349.26	6238.99	1385.72
6358.68	6231.53	1378.33
6357.77	6208.41	1380.90
6393.73	6194.18	1384.42
6387.38	6186.63	1393.22
6430.89	6229.79	1396.57
6443.02	6254.85	1399.76
6412.36	6192.04	1401.20
6452.33	6204.52	1400.50
6460.39	6202.62	1402.81
6476.13	6160.28	1406.09
6475.25	6139.99	1406.09
6411.96	6122.07	1400.95
6298.17	6050.08	1381.90
6281.68	6025.91	1386.72
6363.80	6084.36	1399.48
6309.19	6048.85	1400.63
6241.13	6021.54	1396.71
6295.23	6050.43	1409.12
6372.80	6086.42	1414.76
6369.51	6090.35	1412.90
6413.03	6131.48	1407.29
6427.41	6152.44	1409.84
6469.42	6159.77	1413.04
6476.17	6156.40	1411.56
6520.77	6192.46	1413.21
6552.58	6227.96	1425.49
6588.83	6260.02	1427.09
6597.25	6247.43	1422.48
6553.51	6203.95	1425.55
6586.91	6198.59	1423.53
6573.96	6183.70	1418.30
6503.13	6189.97	1410.76
6503.13	6189.97	1410.76
6503.13	6189.97	1416.90
6608.86	6245.24	1426.84
6611.81	6240.95	1424.73
6596.92	6220.81	1418.30
6596.92	6220.81	1418.30
6681.13	6310.93	1418.30
6691.32	6319.01	1416.60
6674.40	6286.96	1418.34
6593.09	6220.12	1409.71
6607.59	6194.16	1412.84
6614.37	6196.14	1412.11
6566.56	6160.68	1414.85
6687.30	6230.07	1423.82
6705.17	6239.01	1430.73
6731.74	6263.46	1430.73
6716.82	6215.66	1431.90
6701.70	6204.46	1430.62
6689.62	6210.27	1426.37
6747.17	6237.19	1430.50
6687.31	6218.43	1422.95
6678.93	6227.61	1427.99
6748.37	6314.79	1440.13
6719.58	6269.26	1423.90
6690.34	6228.04	1422.18
6726.01	6239.88	1420.62
6788.23	6241.96	1428.82
6789.11	6203.09	1438.24
6851.28	6282.23	1445.94
6885.76	6310.92	1448.39
6874.06	6317.90	1446.99
6875.70	6346.26	1448.00
6915.56	6369.47	1450.02
6876.73	6346.39	1448.31
6911.11	6382.84	1438.06
6859.45	6353.46	1433.37
6895.34	6381.76	1444.26
6961.18	6421.21	1455.30
6958.62	6433.32	1456.81
6957.07	6419.53	1455.54
6987.08	6444.44	1455.54
6982.91	6412.33	1459.68
6941.66	6357.07	1457.63
6973.73	6380.94	1456.38
6992.58	6401.49	1451.19
7027.59	6434.70	1449.37
6819.65	6286.08	1399.04
6715.44	6171.47	1406.82
6640.24	6116.04	1403.17
6603.32	6116.24	1387.17
6534.57	6058.65	1374.12
6595.00	6138.54	1395.41
6617.75	6156.49	1391.97
6713.23	6227.69	1401.89
6716.52	6245.23	1402.85
6715.49	6233.28	1406.60
6623.99	6161.15	1377.95
6447.70	6000.71	1387.17
6585.47	6133.22	1392.28
6579.87	6130.60	1386.95
6671.41	6189.36	1402.06
6700.29	6220.26	1410.94
6712.06	6256.77	1435.04
6856.96	6318.03	1434.54
6899.06	6339.38	1436.11
6828.82	6291.94	1437.50
6858.34	6292.59	1428.61
6816.89	6267.21	1417.23
6897.08	6324.18	1422.53
6917.03	6308.03	1420.86
6937.17	6315.53	1424.55
7045.56	6366.11	1437.77
7073.91	6364.70	1439.37
7099.91	6397.34	1443.76
7099.91	6397.34	1443.76
7099.91	6397.34	1444.61
7166.67	6417.77	1448.39
7152.83	6413.25	1438.87
7142.95	6416.37	1447.80
7212.07	6462.43	1452.85
7338.06	6516.22	1468.47
7348.83	6497.78	1471.48
7282.34	6449.36	1472.50
7242.73	6440.57	1470.73
7342.54	6486.75	1484.35
7335.62	6479.71	1480.93
7270.32	6429.54	1480.41
7343.08	6461.95	1495.42
7387.02	6469.38	1494.25
7378.12	6418.67	1494.07
7408.87	6449.21	1482.37
7408.87	6419.61	1486.30
7455.93	6484.45	1495.92
7476.69	6537.77	1502.39
7516.76	6603.66	1505.62
7525.69	6603.66	1509.48
7442.20	6550.43	1507.72
7475.99	6549.60	1512.58
7415.33	6524.12	1491.47
7479.34	6565.67	1505.85
7459.61	6555.50	1503.15
7505.35	6568.65	1501.19
7481.25	6559.45	1514.14
7499.50	6579.25	1512.75
7607.54	6640.92	1522.75
7619.31	6636.79	1525.10
7659.39	6606.61	1524.12
7735.88	6616.40	1522.28
7697.38	6565.45	1507.51
7739.20	6570.55	1515.73
7739.20	6570.55	1515.73
7781.04	6606.48	1518.11
7764.97	6602.08	1530.23
7883.04	6621.45	1530.62
7987.85	6676.66	1536.34
7976.79	6664.11	1539.18
7919.83	6632.80	1530.95
7730.05	6522.69	1517.38
7618.61	6505.12	1490.72
7590.50	6505.11	1507.67
7706.10	6567.52	1509.12
7678.26	6520.45	1493.00
7680.76	6559.56	1515.67
7849.16	6649.92	1522.97
8030.64	6732.40	1532.91
8036.12	6703.50	1531.05
8033.52	6650.24	1533.70
8090.49	6649.25	1512.84
7964.71	6595.99	1522.19
7949.63	6567.35	1502.56
7930.61	6588.41	1497.74
7860.52	6559.28	1492.89
7801.23	6527.57	1506.34
7921.36	6571.28	1505.71
8007.32	6607.90	1503.35
7958.24	6590.55	1519.43
8050.68	6639.81	1524.87
8075.26	6673.07	1524.87
7987.13	6635.23	1525.40
8048.32	6690.12	1530.44
8077.39	6712.67	1531.85
7964.76	6630.93	1510.12
7898.54	6615.13	1518.76
8053.43	6697.70	1547.70
8092.77	6716.72	1552.50
8105.69	6697.73	1549.52
8038.21	6659.15	1549.37
7893.61	6567.06	1546.17
7991.21	6640.23	1553.08
7874.85	6585.23	1534.10
7944.21	6624.38	1541.57
7806.79	6498.71	1511.04
7692.55	6454.31	1518.09
7508.96	6251.20	1482.66
7451.68	6215.20	1458.95
7456.31	6206.12	1473.91
7584.14	6360.11	1455.27
7473.93	6250.57	1465.81
7534.13	6300.26	1472.20
7435.67	6224.25	1433.06
7444.45	6189.10	1467.67
7513.66	6308.84	1476.71
7605.94	6393.88	1497.49
7453.59	6271.21	1453.09
7343.26	6038.34	1453.64
7474.33	6219.01	1452.92
7425.07	6143.51	1426.54
7445.90	6109.33	1406.70
7270.07	5858.93	1411.27
7378.29	6064.24	1445.94
7407.53	6078.68	1445.55
7424.75	6086.10	1447.12
7500.48	6195.96	1464.07
7511.96	6196.87	1462.50
7507.27	6220.09	1479.37
7485.99	6220.09	1466.79
7430.24	6102.23	1432.36
7439.18	6132.22	1463.76
7519.94	6212.00	1457.64
7638.17	6303.30	1473.99
7648.58	6315.22	1473.99
7721.77	6376.84	1489.42
7588.03	6270.67	1472.29
7621.72	6313.31	1478.55
7436.63	6191.23	1453.55
7375.44	6134.13	1451.70
7457.90	6280.68	1471.49
7472.99	6306.19	1471.56
7535.97	6363.89	1483.95
7497.74	6289.34	1484.25
7479.85	6182.78	1476.65
7575.21	6283.30	1519.78
7750.84	6460.04	1529.03
7735.09	6429.00	1518.75
7794.43	6456.69	1525.75
7787.92	6465.91	1517.73
7769.44	6396.90	1517.21
7804.15	6433.03	1525.42
7853.79	6486.42	1531.38
7861.51	6466.79	1526.75
7922.42	6506.25	1547.04
7946.79	6500.40	1546.63
7955.30	6535.21	1539.59
7944.99	6547.91	1542.84
8002.18	6595.81	1557.59
7974.37	6540.90	1552.58
7980.44	6615.39	1565.15
7986.57	6633.02	1562.47
8033.69	6724.54	1554.41
8041.26	6730.71	1561.80
7969.47	6644.48	1548.71
7962.64	6614.29	1538.53
7985.41	6677.67	1541.24
7921.40	6609.42	1540.08
7884.12	6527.92	1500.63
7794.94	6459.32	1506.33
7842.79	6513.99	1519.59
7828.96	6481.99	1515.88
7932.44	6576.31	1514.40
7949.17	6661.34	1535.28
8009.67	6706.04	1540.98
7977.94	6658.99	1531.02
8019.22	6721.57	1549.38
7880.85	6586.08	1508.44
7849.49	6530.60	1509.65
7807.55	6461.43	1502.17
7827.19	6474.93	1520.27
7799.62	6385.10	1475.62
7819.47	6381.87	1474.77
7812.40	6304.88	1453.70
7806.84	6337.90	1439.18
7777.56	6362.35	1481.05
7783.11	6432.12	1470.58
7667.03	6359.58	1451.15
7612.26	6291.18	1458.74
7511.97	6120.81	1433.27
7630.31	6226.51	1439.70
7518.42	6070.87	1416.77
7562.10	6155.31	1416.77
7608.96	6262.11	1440.70
7567.36	6180.48	1407.22
7531.35	6140.66	1428.23
7723.66	6306.24	1469.02
7765.19	6349.11	1469.72
7870.52	6432.45	1481.14
7837.26	6386.57	1472.42
7808.94	6315.21	1462.79
7944.77	6493.80	1485.01
7940.58	6485.63	1507.34
7994.07	6554.94	1504.66
8033.36	6565.37	1515.96
8009.42	6536.86	1477.65
8076.12	6559.80	1486.59
7928.31	6364.20	1488.41
7948.36	6396.96	1467.95
7825.44	6277.82	1445.90
7850.74	6279.29	1454.98
7837.32	6284.54	1453.00
7869.19	6345.56	1460.12
8002.67	6434.08	1484.46
8002.67	6479.32	1496.45
8002.67	6479.32	1496.45
8002.67	6479.32	1497.66
8038.60	6497.83	1476.37
8067.32	6476.89	1478.49
8067.32	6456.91	1468.36
8067.32	6456.91	1468.36
7949.11	6416.68	1447.16
7908.41	6479.44	1447.16
7808.69	6348.52	1411.63
7817.17	6335.67	1416.18
7849.99	6356.49	1390.19
7782.71	6272.70	1409.13
7713.09	6222.69	1420.33
7717.95	6202.04	1401.02
7732.02	6215.69	1416.25
7566.38	6025.58	1380.95
7471.57	5942.88	1373.20
7413.53	5902.41	1333.25
7314.17	5901.70	1325.19
6790.19	5578.23	1325.19
6769.47	5740.11	1310.50
6439.21	5609.35	1338.60
6821.07	5875.81	1352.07
6816.74	5868.96	1330.61
6818.85	5788.85	1353.97
6892.96	5885.24	1362.30
6875.35	5837.31	1355.81
6851.75	5879.78	1378.55
6968.67	6029.18	1395.42
7000.49	6026.21	1380.82
6765.25	5868.03	1336.64
6847.51	5875.37	1326.45
6733.72	5724.12	1336.91
6767.28	5784.01	1331.29
6743.54	5707.69	1339.13
6967.84	5909.97	1348.86
6973.67	5880.06	1367.21
6962.28	5879.30	1348.86
6832.43	5787.61	1349.99
6967.55	5946.62	1349.99
7002.29	5966.93	1348.78
6899.68	5893.57	1360.03
6904.85	5932.22	1342.53
6806.29	5888.48	1353.11
6882.56	5999.51	1371.80
6985.97	6087.37	1381.29
6997.85	6076.53	1380.02
6862.52	5965.66	1367.68
6748.13	5884.28	1330.63
6689.95	5818.62	1331.34
6545.04	5767.74	1326.75
6683.71	5853.46	1333.70
6591.31	5766.39	1304.34
6513.99	5699.91	1293.37
6448.08	5629.08	1273.37
6524.57	5690.39	1320.65
6599.37	5776.41	1308.77
6500.56	5692.41	1315.48
6451.90	5631.70	1288.14
6182.30	5414.42	1276.60
6393.39	5605.77	1330.74
6361.22	5545.63	1298.42
6319.99	5495.24	1329.51
6319.99	5495.24	1329.51
6319.99	5495.24	1349.88
6524.71	5689.07	1352.99
6489.26	5660.39	1341.13
6578.06	5717.47	1325.76
6559.90	5692.88	1315.22
6534.97	5702.11	1322.70
6720.33	5852.58	1370.18
6777.44	5915.94	1367.53
6741.72	5891.32	1369.31
6763.39	5947.11	1370.40
6821.03	6014.76	1372.54
6771.98	5990.21	1365.54
6721.36	5983.87	1354.49
6704.32	5965.09	1360.55
6603.57	5895.46	1332.83
6554.49	5831.61	1328.32
6585.05	5906.86	1334.43
6702.84	6046.23	1364.71
6681.81	5980.35	1365.56
6843.08	6056.55	1390.33
6786.55	6052.97	1388.17
6728.30	6034.73	1375.94
6795.03	6083.61	1379.93
6821.32	6050.69	1388.82
6896.58	6091.37	1397.84
6925.33	6090.36	1396.37
6885.34	6089.36	1390.94
6948.82	6087.30	1385.59
6948.82	6087.25	1409.34
7043.23	6215.53	1413.90
7052.08	6215.53	1407.49
7017.10	6215.25	1418.26
7076.25	6260.95	1392.57
7071.90	6270.81	1397.68
7003.17	6204.69	1388.28
7035.95	6220.65	1403.58
7060.19	6211.85	1403.04
7083.24	6215.99	1408.66
7081.05	6251.82	1423.57
7156.55	6304.25	1425.35
7225.94	6376.49	1426.63
7118.50	6191.61	1413.40
7040.83	6198.08	1390.71
7070.33	6181.56	1394.35
6944.05	6087.28	1375.93
6953.84	6087.28	1375.93
6958.66	6058.53	1385.35
7033.84	6069.59	1390.84
7055.03	6068.13	1398.26
7096.79	6053.50	1400.38
7008.77	6007.61	1385.67
7019.13	6057.70	1377.65
6965.43	5970.14	1377.20
6941.83	5995.34	1404.05
6803.81	5906.84	1360.68
6815.63	5877.56	1361.76
6771.10	5827.32	1358.44
6650.26	5723.33	1335.49
6714.52	5790.51	1339.87
6765.32	5802.78	1360.03
6729.88	5794.56	1360.14
6796.16	5861.92	1350.93
6728.91	5756.85	1337.81
6721.17	5708.36	1342.83
6578.44	5620.77	1317.93
6589.46	5667.23	1318.00
6536.06	5634.74	1314.29
6617.84	5666.12	1321.97
6459.60	5518.23	1283.15
6421.91	5529.95	1278.38
6418.32	5625.90	1280.00
6315.94	5479.93	1284.91
6305.42	5426.32	1261.52
6353.74	5476.57	1262.90
6272.21	5412.75	1262.90
6395.75	5512.71	1252.31
6304.41	5440.51	1273.70
6386.46	5529.60	1244.69
6305.00	5406.76	1253.39
6153.30	5261.60	1239.49
6200.25	5300.37	1228.30
6081.70	5171.91	1214.91
6155.37	5150.62	1245.36
6271.27	5286.27	1260.32
6382.65	5376.37	1260.68
6424.84	5404.34	1260.00
6442.79	5364.15	1277.00
6536.09	5449.89	1282.19
6440.70	5362.26	1252.54
6436.71	5352.56	1257.76
6351.15	5312.60	1234.37
6398.80	5319.23	1263.20
6460.12	5420.70	1284.26
6479.56	5411.90	1267.38
6396.46	5354.67	1260.31
6349.81	5320.22	1249.01
6518.70	5454.47	1284.88
6561.39	5486.13	1289.19
6543.49	5477.49	1266.07
6561.65	5489.16	1296.32
6609.63	5541.78	1305.32
6585.87	5534.46	1289.59
6422.19	5448.63	1285.83
6442.21	5497.45	1292.93
6446.02	5454.77	1298.20
6432.88	5450.19	1278.60
6282.43	5320.36	1266.69
6317.80	5371.77	1274.54
6236.96	5370.19	1277.72
6342.42	5505.56	1292.20
6296.95	5505.56	1266.84
6340.52	5470.65	1271.51
6321.03	5528.15	1281.66
6420.54	5601.15	1300.68
6422.30	5636.61	1282.83
6421.80	5602.82	1282.83
6518.47	5620.70	1277.58
6467.49	5499.68	1274.98
6279.57	5362.06	1236.83
6127.44	5240.68	1242.31
6263.74	5446.28	1267.79
6233.41	5415.61	1224.51
6210.32	5366.22	1232.04
6178.90	5318.36	1249.05
6234.89	5416.73	1251.70
6064.16	5204.18	1192.70
5965.17	5025.59	1213.59
5860.98	4912.36	1156.39
5863.42	4879.99	1206.51
6189.53	5311.33	1255.08
6107.75	5236.26	1207.09
6068.53	5136.12	1188.22
6052.87	5095.57	1185.87
6173.03	5197.02	1209.18
6063.50	5088.47	1213.01
5807.08	4818.77	1106.39
5831.02	4902.45	1166.36
5806.33	4959.59	1161.06
5660.63	4870.34	1114.28
5797.03	4980.25	1099.23
5387.01	4589.19	1056.89
5326.63	4605.22	996.23
5013.62	4366.69	984.94
4887.00	4313.80	909.92
4544.31	3932.06	899.22
5062.45	4256.90	1003.35
5199.19	4394.21	998.01
4861.63	4079.59	907.84
4622.81	3861.39	946.43
4781.33	4063.01	940.55
4835.01	4282.67	985.40
4784.41	4229.73	955.05
4571.07	4040.89	896.78
4519.70	4087.83	908.11
4295.67	3883.36	876.77
4334.64	3852.59	848.92
4823.45	3926.38	940.51
4808.69	4242.54	930.09
4869.30	4291.65	954.09
4987.97	4377.34	968.75
5026.84	4443.28	966.30
5278.04	4639.50	1005.75
5166.87	4530.73	952.77
4813.57	4272.41	904.88
4938.46	4364.96	930.99
5025.53	4403.92	919.21
4761.58	4246.69	898.95
4620.80	4182.02	852.30
4649.52	4169.21	911.29
4710.24	4232.97	873.29
4557.27	4132.16	850.75
4579.47	4208.55	859.12
4354.09	4005.68	806.58
4220.20	3874.99	752.44
4127.41	3780.96	800.03
4554.33	4152.96	851.81
4560.42	4171.25	857.39
4560.50	4152.69	887.68
4665.27	4226.10	887.68
4669.44	4288.01	896.24
4394.79	4065.49	816.21
4531.79	4122.86	848.81
4567.24	4169.96	870.74
4564.23	4163.61	845.22
4381.47	4049.37	876.07
4715.88	4300.06	909.70
4779.11	4381.26	888.67
4804.88	4367.28	899.24
4767.20	4388.69	873.59
4663.37	4280.35	879.73
4654.82	4277.56	868.57
4729.91	4309.08	913.18
4708.38	4324.19	904.42
4756.40	4330.66	885.28
4696.70	4286.93	887.88
4639.02	4249.16	871.63
4629.38	4255.98	863.16
4629.38	4216.59	868.15
4629.38	4216.59	868.15
4629.38	4216.59	872.80
4704.86	4319.35	869.42
4810.20	4392.68	890.64
4810.20	4434.17	903.25
4810.20	4434.17	903.25
4973.07	4561.79	931.80
4983.99	4579.64	927.45
5026.31	4638.92	934.70
4937.47	4507.51	906.65
4879.91	4505.37	909.73
4783.89	4448.54	890.35
4719.62	4426.19	870.26
4636.94	4399.15	871.79
4422.35	4180.64	842.62
4336.73	4121.11	843.74
4366.28	4147.06	850.12
4316.14	4108.47	850.12
4239.85	4091.40	805.22
4261.15	4059.88	840.24
4219.42	4052.23	827.50
4178.94	4052.47	831.95
4326.87	4209.01	836.57
4323.42	4194.41	845.71
4518.72	4295.20	874.09
4428.11	4190.11	845.14
4338.35	4149.64	825.88
4271.04	4077.78	825.44
4374.96	4164.46	838.51
4492.79	4228.60	832.23
4510.49	4228.93	845.85
4644.63	4291.87	868.60
4666.82	4307.61	869.89
4505.54	4213.08	827.16
4530.09	4234.26	833.74
4407.56	4202.24	835.19
4413.39	4189.59	826.84
4366.64	4134.75	826.84
4216.60	4034.13	789.17
4204.96	4006.83	788.42
4215.21	4018.37	778.94
4014.66	3889.06	770.05
3936.45	3850.73	743.33
3895.75	3816.44	773.14
3846.21	3848.98	764.90
3942.62	3915.64	752.83
3843.74	3830.09	735.09
3710.07	3625.83	700.82
3690.72	3512.09	696.33
3890.94	3645.87	712.87
3695.49	3529.86	682.55
3666.41	3530.73	683.38
3692.03	3542.40	676.53
3886.98	3715.23	719.60
3914.10	3693.81	721.36
3956.22	3712.06	750.74
3953.60	3753.68	756.55
4044.54	3863.99	753.89
3987.77	3857.10	778.12
3996.32	3804.99	794.35
4043.46	3816.93	784.04
4068.74	3842.85	768.54
4176.37	3952.81	822.92
4187.36	3911.46	806.12
4223.29	3900.25	813.88
4259.37	3925.20	832.86
4203.55	3898.85	815.94
3989.23	3762.91	787.53
4084.76	3926.14	797.87
4131.07	3955.61	811.08
4381.92	4124.97	834.38
4384.99	4029.67	842.50
4349.81	3993.54	835.48
4322.50	3930.52	815.55
4357.92	3925.52	825.16
4491.12	3983.71	856.56
4491.12	3983.71	856.56
4491.12	3983.71	858.73
4557.01	3988.99	841.50
4549.79	3968.40	852.06
4609.46	4052.98	865.30
4676.84	4092.80	869.60
4486.30	3990.86	832.39
4501.63	3987.46	850.08
4594.42	4030.66	843.55
4538.21	4018.23	851.92
4674.32	4155.99	866.23
4694.07	4167.01	857.51
4607.42	4096.40	855.16
4704.56	4189.59	873.64
4769.45	4243.71	872.81
4769.45	4243.22	877.52
4902.45	4243.22	907.24
4853.03	4336.94	903.80
4880.71	4396.49	919.53
4804.10	4398.68	907.39
4913.90	4462.09	929.23
4866.91	4435.50	909.24
4854.11	4425.54	908.35
4727.61	4331.37	883.92
4738.47	4362.58	893.07
4737.50	4348.11	882.88
4851.96	4446.45	909.71
4959.62	4482.25	908.13
5038.94	4468.41	903.47
4900.67	4345.47	888.33
4918.75	4365.29	887.00
4918.45	4365.29	887.00
4985.60	4411.72	910.33
5000.77	4416.23	893.06
4932.88	4387.54	906.83
4940.82	4417.94	919.14
5142.56	4506.19	942.87
5144.06	4477.02	944.74
5054.53	4383.42	931.76
5064.80	4386.94	942.46
5077.03	4438.56	940.09
5004.72	4405.22	939.14
4997.86	4404.79	942.43
5051.18	4436.75	939.15
5107.26	4461.87	944.89
5069.24	4441.95	946.21
4889.94	4326.01	923.72
4890.72	4328.57	911.97
4799.98	4278.46	910.71
4837.48	4280.86	918.37
4839.46	4345.93	921.23
4693.40	4234.05	893.04
4707.15	4230.02	895.10
4836.01	4279.98	900.94
4800.56	4252.57	920.26
4776.47	4241.01	918.90
4885.09	4294.03	927.23
4808.64	4249.21	919.32
4905.44	4340.71	923.33
4718.49	4234.27	896.42
4708.21	4236.28	896.42
4651.82	4194.91	898.72
4598.19	4187.00	881.03
4572.65	4140.23	879.56
4630.07	4158.66	882.68
4576.31	4127.17	879.13
4722.34	4202.13	901.05
4781.69	4237.68	905.84
4928.44	4346.46	932.68
4957.19	4361.84	940.74
4978.40	4388.75	940.38
5030.15	4443.62	951.13
5093.97	4481.17	954.58
5121.56	4493.73	954.07
5247.28	4559.80	976.29
5229.36	4576.61	979.26
5251.55	4586.13	982.18
5174.74	4528.84	979.62
5270.32	4547.53	975.15
5360.66	4631.61	986.75
5332.14	4608.36	987.48
5426.85	4682.46	1002.63
5417.02	4671.37	1005.65
5353.01	4647.13	1002.72
5369.98	4690.53	997.08
5458.96	4731.56	1010.48
5418.12	4722.20	1007.10
5285.81	4671.34	994.35
5350.09	4716.76	1005.81
5401.11	4755.46	1012.73
5309.11	4713.97	1004.09
5201.61	4645.01	979.73
5250.74	4685.78	989.67
5231.98	4689.67	996.46
5311.06	4756.58	1007.37
5462.74	4850.89	1026.13
5519.75	4896.23	1025.57
5557.09	4916.80	1028.00
5521.97	4890.58	1028.12
5470.33	4869.35	1030.98
5517.35	4908.90	1028.93
5464.61	4908.90	1020.62
5327.29	4819.70	998.04
5319.84	4817.55	994.75
5301.42	4796.75	1003.24
5384.43	4851.70	1016.40
5463.51	4933.18	1016.40
5481.73	4947.34	1025.39
5574.26	5004.30	1033.37
5594.77	4987.68	1044.14
5624.02	5011.47	1042.73
5620.24	5018.85	1049.34
5628.98	5042.13	1052.63
5700.26	5124.13	1068.76
5731.14	5163.95	1065.49
5703.83	5172.89	1068.30
5668.65	5134.36	1064.66
5709.38	5142.60	1071.66
5702.05	5139.37	1060.87
5605.21	5079.27	1050.78
5581.41	5082.20	1044.38
5736.31	5165.70	1062.98
5713.52	5159.72	1060.61
5675.16	5133.90	1057.08
5554.55	5047.81	1029.85
5467.90	4988.70	1025.21
5508.85	5024.33	1040.46
5657.64	5137.98	1054.72
5640.75	5108.90	1057.58
5716.54	5154.64	1065.48
5711.88	5161.87	1071.49
5783.23	5210.17	1076.19
5714.31	5154.15	1073.19
5854.14	5256.10	1092.02
5830.77	5222.95	1096.56
5743.39	5190.24	1087.68
5852.56	5281.54	1097.91
5811.77	5243.40	1091.06
5833.49	5257.85	1081.40
5762.93	5207.36	1092.91
5740.25	5242.57	1079.60
5642.16	5191.74	1066.95
5635.02	5200.97	1063.41
5496.27	5080.42	1042.63
5587.45	5137.72	1066.11
5414.96	5044.55	1036.19
5430.82	5104.50	1042.88
5353.35	5037.21	1045.41
5444.23	5107.89	1046.50
5480.92	5125.64	1066.63
5488.25	5142.72	1069.30
5619.72	5235.18	1093.08
5613.20	5230.55	1093.01
5668.35	5266.75	1098.51
5663.96	5276.50	1087.24
5686.83	5296.38	1093.48
5804.82	5382.67	1109.30
5778.43	5345.93	1110.32
5787.61	5342.13	1109.80
5702.18	5267.70	1094.90
5663.15	5251.41	1091.38
5801.48	5355.50	1106.24
5769.31	5323.96	1105.65
5803.02	5364.81	1110.63
5614.17	5194.13	1110.63
5685.61	5245.73	1091.49
5625.95	5190.68	1095.63
5776.61	5312.17	1108.86
5781.68	5327.39	1109.24
5770.35	5313.00	1099.92
5817.65	5322.36	1105.98
5784.75	5310.66	1103.25
5688.58	5223.13	1091.94
5647.84	5203.89	1095.95
5709.02	5244.37	1102.35
5756.29	5261.57	1106.41
5802.26	5315.34	1114.11
5811.34	5285.77	1107.93
5903.43	5320.26	1109.18
5844.44	5217.61	1096.08
5831.21	5196.81	1102.47
5930.53	5293.99	1114.05
5945.69	5328.66	1118.02
5957.44	5372.38	1120.59
5957.44	5402.41	1126.48
5957.44	5402.41	1126.48
6002.92	5402.41	1127.78
6011.55	5437.61	1126.20
5957.43	5397.86	1126.42
5957.43	5412.88	1115.10
5957.43	5412.88	1115.10
6048.30	5500.34	1132.99
6031.86	5522.50	1136.52
6034.33	5530.04	1137.14
6019.36	5526.72	1141.70
6037.61	5534.24	1144.98
6040.50	5538.07	1146.98
5943.00	5498.71	1136.22
5963.14	5473.48	1145.68
5988.88	5498.20	1148.46
5875.97	5455.37	1136.03
5918.55	5494.39	1136.03
5976.48	5513.14	1150.23
5851.53	5420.80	1138.04
5746.97	5335.10	1116.48
5695.32	5302.99	1091.76
5631.37	5260.31	1096.79
5668.93	5276.85	1092.17
5643.20	5217.47	1097.50
5540.33	5145.74	1084.53
5608.79	5188.52	1073.87
5654.48	5247.41	1089.19
5709.66	5283.31	1103.32
5672.09	5253.15	1097.28
5533.24	5139.31	1063.11
5434.34	5060.92	1066.19
5484.85	5092.33	1056.75
5498.26	5111.84	1070.52
5536.37	5131.99	1068.14
5503.93	5161.48	1078.47
5500.39	5142.45	1075.51
5511.10	5167.47	1075.51
5592.12	5244.06	1094.87
5648.34	5276.64	1099.51
5680.41	5325.09	1106.75
5722.05	5358.17	1109.17
5688.44	5352.07	1108.02
5604.07	5315.09	1094.60
5615.51	5342.92	1105.24
5532.33	5278.22	1102.94
5598.46	5354.52	1104.49
5713.51	5405.94	1115.71
5776.56	5484.06	1118.31
5817.88	5533.21	1118.79
5795.32	5527.16	1122.97
5877.36	5599.76	1138.70
5875.91	5606.72	1138.51
5885.89	5602.30	1140.45
5936.72	5640.57	1145.61
5928.63	5617.26	1150.24
5945.11	5625.65	1149.99
5903.56	5593.85	1150.51
5970.99	5620.43	1159.46
6024.28	5644.63	1166.21
6012.31	5642.62	1165.83
5982.43	5650.12	1159.90
5987.50	5644.54	1165.81
6017.27	5673.63	1174.17
6039.00	5677.88	1167.72
6132.95	5727.65	1165.73
6120.05	5703.02	1166.59
6156.85	5710.66	1173.22
6142.45	5672.32	1173.27
6153.55	5679.64	1169.43
6235.56	5744.89	1178.10
6235.56	5744.89	1178.10
6235.56	5744.89	1187.44
6252.21	5780.35	1189.44
6222.41	5762.06	1182.45
6171.83	5712.70	1186.44
6249.70	5770.98	1194.37
6250.69	5777.65	1196.48
6230.83	5761.66	1197.30
6278.40	5796.25	1210.65
6291.45	5825.01	1211.67
6180.90	5743.96	1192.13
6162.44	5727.91	1197.52
6264.23	5783.69	1207.18
6230.38	5723.43	1205.95
6168.72	5665.33	1208.67
6259.53	5723.65	1217.28
6332.10	5753.85	1212.05
6159.51	5603.52	1183.71
6084.34	5586.61	1191.36
6144.91	5617.84	1206.78
6135.70	5553.29	1186.69
6166.92	5553.29	1202.26
6006.86	5411.11	1173.60
5958.45	5341.93	1165.90
5908.26	5260.99	1128.15
5715.09	5123.02	1110.89
6017.91	5387.42	1159.73
6037.71	5334.21	1155.79
6183.49	5383.45	1171.67
6251.97	5433.73	1157.44
6056.71	5262.85	1135.68
6066.92	5262.54	1136.94
6155.93	5307.34	1120.80
5988.67	5158.08	1115.05
5867.88	5073.13	1071.59
5829.25	5062.93	1087.69
5805.68	5069.61	1073.65
5670.04	4940.68	1074.03
5758.02	5038.08	1067.95
5937.14	5195.17	1103.06
5946.18	5188.43	1089.41
5964.33	5188.43	1089.41
5981.27	5163.30	1070.71
5981.20	5151.32	1098.38
6054.63	5211.18	1102.83
5938.88	5126.00	1064.88
5904.95	5069.06	1050.48
5868.55	5028.15	1062.00
5984.75	5085.86	1055.69
6056.59	5132.50	1086.84
6047.83	5163.68	1091.60
6125.00	5202.13	1089.63
6175.05	5217.82	1115.23
6190.91	5237.92	1114.61
6223.54	5253.89	1116.04
6216.98	5250.84	1117.51
6292.97	5299.11	1113.20
6269.04	5246.98	1095.31
6204.52	5178.52	1092.04
6115.48	5100.23	1073.69
6070.60	5046.47	1076.77
6157.22	5071.68	1074.57
5952.03	4914.22	1041.24
5965.52	4916.87	1030.71
5857.43	4805.75	1027.37
5834.15	4838.09	1022.58
5816.20	4823.53	1022.58
5940.98	4965.00	1028.06
5992.86	5014.82	1060.27
6035.66	5105.45	1070.25
6065.24	5132.94	1077.96
6077.19	5167.02	1078.75
6191.13	5271.02	1095.34
6209.76	5253.52	1095.17
6149.36	5211.29	1096.48
6040.27	5158.85	1064.88
6009.11	5148.28	1071.25
5967.49	5139.46	1083.48
5990.38	5214.64	1069.59
6142.15	5313.81	1093.67
6166.34	5312.62	1102.66
6194.21	5351.12	1115.01
6207.31	5365.67	1113.84
6178.94	5319.68	1106.13
6134.70	5313.95	1101.53
6147.97	5258.02	1101.60
6292.13	5397.11	1125.86
6307.91	5396.48	1120.46
6331.33	5386.16	1127.24
6333.58	5365.78	1125.82
6259.63	5332.39	1121.64
6351.60	5410.52	1127.79
6286.25	5376.41	1121.06
6154.07	5245.21	1089.47
6135.17	5266.06	1083.61
6110.41	5275.44	1079.25
6110.57	5276.10	1079.38
6206.40	5350.55	1092.54
6186.31	5302.87	1094.16
6075.13	5211.29	1075.63
6005.16	5195.28	1071.69
6010.91	5234.84	1067.36
5935.44	5155.95	1051.87
5899.50	5109.40	1055.33
5912.58	5155.84	1047.22
5951.17	5201.56	1064.59
5912.41	5201.56	1048.92
5925.22	5225.22	1049.33
6083.90	5366.41	1080.29
6083.85	5371.04	1090.10
6134.62	5428.15	1104.51
6155.04	5439.19	1104.51
6117.89	5407.82	1091.84
6164.44	5429.74	1098.87
6221.52	5494.16	1104.18
6214.77	5501.64	1109.55
6261.68	5565.53	1121.90
6275.41	5567.41	1121.10
6261.87	5555.56	1125.07
6249.65	5540.14	1124.66
6209.76	5508.45	1125.59
6294.58	5602.54	1142.71
6275.98	5576.19	1139.78
6208.33	5551.91	1134.28
6184.71	5547.08	1124.83
6298.30	5598.48	1148.67
6278.89	5573.42	1142.16
6276.09	5578.44	1147.70
6246.92	5569.27	1144.73
6229.02	5548.62	1141.20
6211.34	5592.90	1146.24
6134.21	5555.97	1137.03
6215.83	5635.76	1160.75
6270.73	5681.39	1159.97
6276.25	5662.13	1158.06
6291.67	5657.61	1165.15
6309.51	5672.40	1165.32
6304.57	5661.59	1169.77
6434.52	5747.35	1178.10
6455.27	5727.21	1173.81
6492.30	5703.37	1176.19
6516.63	5742.52	1184.71
6490.69	5703.89	1165.90
6524.55	5728.93	1178.17
6611.01	5757.86	1180.27
6605.84	5741.37	1183.08
6639.21	5751.98	1185.62
6613.80	5707.30	1185.64
6568.00	5646.02	1182.45
6595.28	5677.89	1183.78
6601.37	5675.16	1183.26
6604.86	5694.62	1184.39
6654.31	5757.43	1193.57
6617.80	5748.97	1197.96
6734.69	5862.79	1221.06
6754.20	5875.35	1225.85
6750.50	5849.96	1223.25
6787.81	5875.19	1213.40
6719.84	5816.94	1218.71
6723.41	5815.23	1213.54
6734.61	5796.87	1199.21
6790.17	5820.41	1197.75
6663.24	5681.90	1178.34
6700.07	5692.56	1178.59
6832.11	5768.71	1196.69
6843.55	5732.83	1199.73
6822.05	5680.83	1197.84
6705.00	5581.28	1180.73
6823.80	5657.10	1198.35
6879.66	5698.93	1198.35
6848.98	5668.70	1189.40
6697.97	5550.95	1187.76
6688.49	5528.27	1180.55
6866.63	5642.50	1206.07
6957.61	5767.56	1221.53
6947.72	5745.32	1224.71
6954.38	5770.28	1223.12
7001.91	5808.45	1223.75
6975.87	5794.53	1228.28
6964.16	5807.96	1233.00
7006.17	5812.95	1240.40
7029.39	5860.75	1240.46
7027.40	5891.21	1241.59
7016.37	5882.18	1235.23
7024.40	5881.12	1242.87
6982.45	5871.75	1243.91
7018.60	5891.61	1247.08
7077.99	5951.80	1254.60
7067.92	5983.49	1258.84
7057.69	5996.07	1256.77
7057.69	6008.92	1256.77
6970.73	6008.92	1257.54
6972.10	6008.92	1258.51
6995.47	5996.36	1259.78
6914.19	5971.01	1257.88
6914.19	5899.94	1257.64
6989.74	5899.94	1271.87
6975.35	6013.87	1270.20
6939.82	6043.86	1276.56
6981.39	6019.51	1273.85
6947.84	5984.33	1271.50
6857.06	5956.30	1269.75
6941.57	6014.03	1274.48
7068.78	6050.72	1285.96
7075.11	6023.88	1283.76
7075.70	6002.07	1293.24
7078.06	5985.70	1293.24
7143.45	6056.43	1295.02
7082.76	5976.70	1281.92
7024.27	5867.91	1280.26
7062.42	5896.25	1283.35
7067.77	5943.85	1290.84
7059.01	5917.71	1291.18
7127.35	5969.21	1296.63
7155.58	5965.08	1299.54
7102.80	5881.37	1276.34
7077.48	5862.94	1286.12
7184.27	5957.82	1307.59
7183.67	6000.07	1304.03
7193.68	5983.34	1307.10
7216.21	5997.38	1310.87
7283.62	6051.03	1319.05
7323.24	6091.33	1324.57
7320.90	6052.29	1320.88
7340.28	6020.01	1321.87
7371.20	6062.90	1329.15
7396.63	6060.09	1332.32
7400.04	6037.08	1328.01
7414.30	6085.27	1336.32
7405.51	6087.38	1340.43
7426.81	6082.99	1343.01
7321.81	6014.80	1343.01
7318.35	5996.76	1315.44
7194.60	5923.53	1307.40
7130.50	5919.98	1306.10
7185.17	6001.20	1319.88
7272.32	5994.01	1327.22
7223.30	5935.76	1306.33
7181.12	5914.89	1308.44
7225.96	6005.09	1330.97
7178.90	5990.39	1321.15
7161.93	5973.78	1310.13
7164.75	5974.76	1321.82
7131.80	5937.30	1320.02
7063.09	5845.29	1295.11
6981.49	5828.67	1304.28
6866.63	5775.24	1296.39
6647.66	5695.28	1281.87
6513.84	5598.23	1256.88
6656.88	5696.11	1273.72
6664.40	5718.13	1279.20
6816.12	5786.09	1298.38
6780.97	5762.71	1293.77
6804.45	5795.88	1297.54
6933.58	5880.87	1309.66
6946.36	5900.76	1313.80
6938.63	5904.49	1310.19
6934.44	5932.17	1319.44
7057.15	5948.30	1328.26
7041.31	5908.76	1325.83
7179.81	6009.92	1332.41
7175.33	6016.98	1332.87
7175.31	6007.06	1332.63
7215.11	6041.13	1335.54
7178.78	6007.37	1333.51
7217.02	6055.75	1328.17
7204.86	6053.44	1324.46
7102.91	5964.47	1314.16
7177.97	6010.44	1314.41
7146.56	5963.80	1314.52
7178.29	5996.01	1319.68
7026.85	5870.08	1305.14
7039.31	5896.87	1312.62
7249.19	6022.26	1330.36
7295.49	6018.30	1337.38
7295.49	6018.30	1337.38
7295.49	6018.30	1335.25
7356.51	6069.36	1347.24
7404.95	6068.16	1355.66
7475.22	6069.90	1360.48
7514.46	6069.90	1363.61
7527.64	6069.90	1361.22
7500.70	6082.88	1356.62
7373.93	5984.07	1347.32
7376.96	5919.98	1335.10
7492.25	5976.77	1340.20
7410.52	5942.69	1346.29
7501.52	6018.89	1357.16
7495.05	5976.00	1342.08
7443.95	5944.96	1348.65
7403.31	5925.87	1337.77
7387.54	5923.69	1329.47
7256.65	5861.00	1328.98
7303.53	5923.49	1340.68
7358.23	5955.99	1343.60
7266.82	5948.49	1333.27
7121.52	5835.89	1317.37
7150.66	5858.41	1316.28
7170.94	5870.14	1320.47
7114.09	5880.99	1325.69
7163.47	5938.87	1331.10
7160.30	5938.87	1331.10
7293.69	5989.99	1345.20
7217.43	5928.61	1314.55
7074.12	5847.92	1312.94
7109.03	5855.01	1300.16
7084.57	5863.16	1286.17
7103.25	5864.65	1284.94
7060.23	5808.89	1279.56
7159.66	5856.34	1289.00
7069.90	5765.80	1270.98
7085.14	5773.46	1271.83
7204.79	5803.13	1287.87
7115.08	5742.55	1265.42
7110.20	5698.81	1267.64
7164.05	5714.94	1271.50
7150.21	5693.39	1278.36
7285.51	5775.31	1295.52
7278.19	5772.99	1287.14
7149.44	5674.38	1283.50
7121.38	5697.72	1268.45
7107.90	5722.34	1280.10
7170.43	5766.88	1296.67
7294.14	5855.95	1307.41
7376.24	5945.71	1320.64
7419.44	5989.76	1339.67
7442.96	6017.54	1339.67
7439.44	6024.03	1337.88
7431.19	6002.92	1339.22
7471.44	6054.55	1353.22
7402.73	5990.58	1343.80
7230.25	5929.16	1319.49
7174.14	5868.96	1313.64
7267.87	5906.43	1317.72
7214.74	5846.95	1308.87
7220.12	5843.66	1316.14
7107.92	5752.81	1305.44
7192.67	5789.99	1326.73
7221.36	5853.82	1325.84
7290.14	5899.89	1343.80
7326.39	5935.02	1345.02
7344.54	5925.26	1337.43
7349.45	5929.73	1331.94
7252.68	5856.58	1304.89
7190.06	5873.21	1300.67
7158.77	5815.19	1292.28
6953.98	5774.43	1286.94
6796.75	5718.39	1254.05
6640.59	5584.51	1260.34
6414.76	5393.14	1200.07
6236.16	5246.99	1199.38
5923.27	5068.95	1119.46
5917.08	5164.92	1172.53
5613.42	5007.16	1120.76
5797.66	5162.83	1172.64
5997.74	5320.03	1178.81
6022.24	5350.58	1204.49
5994.90	5357.63	1192.76
5948.94	5331.60	1193.89
5602.80	5092.23	1140.65
5480.00	5040.76	1123.53
5473.78	5095.30	1123.82
5532.38	5129.42	1162.35
5681.08	5205.85	1177.60
5584.14	5131.10	1159.27
5537.48	5129.92	1176.80
5670.07	5129.92	1210.08
5643.92	5268.66	1212.92
5784.85	5394.53	1218.89
5730.63	5418.65	1204.42
5538.33	5292.03	1173.97
5246.18	5102.58	1173.97
5193.97	5156.84	1165.24
5405.53	5318.59	1198.62
5408.46	5340.38	1185.90
5189.93	5214.65	1154.23
5072.33	5129.62	1162.27
5166.36	5174.25	1172.87
5340.19	5227.02	1188.68
5508.24	5337.54	1209.11
5573.51	5368.41	1216.01
5415.91	5259.56	1204.09
5571.68	5363.71	1202.09
5433.80	5288.41	1166.76
5164.21	5041.61	1129.56
5196.56	5066.81	1136.43
5345.56	5089.37	1162.95
5628.44	5294.05	1175.38
5578.42	5217.63	1151.06
5639.58	5196.84	1160.40
5502.02	5128.48	1131.42
5376.70	5075.50	1099.23
5216.71	4944.44	1123.95
5473.03	5102.17	1144.03
5645.25	5291.26	1164.97
5675.70	5303.40	1155.46
5847.29	5399.00	1194.89
5865.01	5395.70	1195.54
5994.47	5441.80	1207.25
5914.84	5403.38	1203.66
5967.20	5466.36	1224.58
5859.43	5436.70	1200.86
5877.41	5410.35	1225.38
5913.53	5450.49	1209.88
5766.48	5384.68	1215.39
5970.96	5488.65	1238.25
6055.27	5548.06	1254.19
6046.75	5525.54	1229.05
6016.07	5553.24	1242.00
6337.84	5713.82	1284.59
6346.19	5702.24	1285.09
6141.34	5544.22	1253.30
5834.51	5421.57	1218.28
5965.63	5484.10	1237.90
6133.18	5545.64	1261.15
5966.16	5527.16	1253.23
5928.68	5510.82	1261.12
5961.44	5567.34	1275.92
5829.54	5460.38	1229.10
5867.81	5444.82	1239.69
6057.03	5545.38	1263.85
5985.02	5519.04	1251.78
5933.14	5517.44	1257.81
5913.36	5509.02	1236.91
5850.17	5423.14	1216.13
5800.24	5362.94	1215.65
5606.00	5222.60	1192.98
5537.39	5206.82	1188.04
5457.77	5139.78	1161.79
5428.11	5127.57	1161.79
5492.87	5164.65	1158.67
5745.33	5312.76	1192.55
5799.91	5337.00	1195.19
6088.84	5505.42	1246.96
6035.88	5489.34	1244.58
6080.68	5552.29	1244.28
6106.09	5567.96	1257.08
6028.82	5568.72	1258.47
5994.73	5546.91	1261.01
5874.44	5483.77	1234.35
5986.71	5529.21	1255.19
5785.43	5427.86	1236.47
5774.26	5490.15	1225.73
5675.14	5366.80	1211.82
5730.62	5400.85	1215.75
5701.78	5387.34	1219.66
5670.71	5364.99	1205.35
5847.03	5419.60	1241.30
5791.53	5389.74	1243.72
5852.18	5456.97	1254.00
5878.93	5512.70	1265.33
5878.93	5512.70	1265.33
5889.76	5512.70	1265.43
5771.27	5507.40	1249.64
5848.78	5566.77	1263.02
5898.35	5572.28	1257.60
6075.52	5572.28	1257.60
6166.57	5699.91	1277.06
6111.55	5668.45	1277.30
6095.99	5624.26	1281.06
6057.92	5649.68	1277.81
6017.23	5612.26	1280.70
6162.98	5696.70	1292.08
6152.34	5670.82	1292.48
6179.21	5662.42	1295.50
6143.08	5636.64	1289.09
6220.01	5657.44	1289.09
6332.93	5693.95	1293.67
6354.57	5702.37	1308.04
6416.26	5741.15	1314.50
6404.39	5728.55	1315.38
6436.62	5782.56	1316.00
6419.22	5751.90	1314.65
6421.85	5723.00	1326.05
6539.85	5795.20	1318.43
6511.98	5733.45	1316.33
6444.45	5671.09	1313.01
6458.91	5681.61	1312.41
6616.64	5790.72	1324.09
6655.63	5796.07	1325.54
6766.67	5901.07	1344.90
6764.83	5892.20	1344.33
6754.20	5890.26	1347.05
6748.76	5875.93	1349.96
6788.80	5895.47	1351.95
6692.96	5852.39	1342.64
6738.47	5905.70	1351.77
6728.19	5899.87	1350.50
6757.94	5892.16	1343.23
6751.96	5885.38	1358.04
6848.03	5905.07	1361.23
6948.25	5945.25	1361.23
6908.18	5928.20	1362.21
6843.87	5916.55	1357.66
6809.46	5937.89	1363.46
6864.43	5935.13	1365.74
6849.60	5915.55	1367.59
6887.63	5927.91	1372.18
6856.08	5871.51	1365.68
6941.77	5931.25	1374.09
6921.37	5911.13	1369.63
6866.46	5874.82	1364.33
6633.11	5765.80	1343.36
6671.11	5791.41	1352.63
6834.54	5859.73	1365.91
6880.21	5887.49	1370.87
6901.35	5892.75	1371.09
6995.91	5955.91	1395.95
7079.42	5945.43	1394.28
7144.45	5940.72	1402.60
7157.82	5965.58	1404.17
7154.22	5961.11	1409.75
7054.94	5891.41	1405.52
7071.32	5891.95	1402.89
6981.26	5845.65	1392.78
6995.62	5854.89	1397.11
7079.23	5902.70	1416.51
7078.90	5869.55	1412.52
6998.80	5808.99	1405.54
6875.15	5742.03	1403.28
6946.83	5768.45	1408.47
7056.65	5874.89	1419.04
6982.28	5838.34	1413.38
6784.06	5703.77	1398.96
6775.26	5723.67	1398.08
6775.26	5723.67	1398.08
6775.26	5723.67	1382.20
6606.43	5595.55	1358.59
6674.73	5634.74	1368.71
6743.24	5710.46	1387.57
6583.90	5651.79	1370.26
6625.19	5666.28	1369.57
6801.00	5766.95	1390.78
6732.03	5745.29	1385.14
6671.22	5744.55	1376.92
6750.12	5772.15	1378.53
6523.00	5665.57	1366.94
6590.41	5709.49	1371.97
6704.50	5718.89	1390.69
6739.90	5748.72	1399.98
6801.32	5777.11	1403.36
6761.19	5737.78	1397.91
6761.19	5812.23	1405.82
6710.77	5758.11	1402.31
6694.44	5766.55	1391.57
6561.47	5655.06	1369.10
6569.48	5655.06	1369.58
6444.74	5554.55	1363.72
6475.31	5530.05	1354.58
6518.00	5543.95	1357.99
6579.93	5575.52	1353.39
6451.97	5465.52	1338.35
6401.06	5437.62	1330.66
6384.26	5405.25	1324.80
6308.96	5338.38	1304.86
6271.22	5267.62	1295.22
6331.04	5304.48	1315.99
6435.60	5403.28	1316.63
6285.75	5266.41	1318.86
6315.89	5350.05	1320.68
6339.94	5351.53	1317.82
6323.19	5356.34	1317.82
6396.84	5391.14	1332.42
6280.80	5297.28	1313.32
6264.38	5320.86	1310.33
6050.29	5260.19	1278.04
5978.23	5260.19	1278.18
5969.40	5260.19	1285.50
6093.99	5384.11	1315.13
6144.22	5447.79	1314.99
6130.82	5435.08	1325.66
6141.05	5432.37	1308.93
6161.24	5473.74	1324.18
6152.49	5483.81	1314.88
6138.61	5467.05	1329.10
6229.41	5478.81	1342.84
6248.20	5491.09	1344.78
6363.36	5586.31	1357.98
6392.13	5622.29	1355.69
6343.13	5566.36	1325.51
6263.25	5513.69	1335.02
6132.39	5450.65	1313.72
6136.69	5446.96	1319.99
6228.99	5523.92	1331.85
6149.91	5493.06	1329.04
6416.28	5571.15	1362.16
6496.08	5640.64	1365.51
6578.21	5687.73	1374.02
6564.80	5684.47	1374.02
6535.56	5692.63	1367.58
6410.11	5662.63	1354.68
6387.57	5627.33	1352.46
6438.33	5664.07	1341.47
6453.85	5664.48	1341.45
6419.35	5608.25	1334.76
6557.10	5666.13	1356.78
6565.72	5662.43	1353.64
6577.64	5629.09	1363.67
6684.42	5685.77	1372.78
6758.39	5714.19	1376.51
6630.02	5651.77	1362.66
6419.33	5533.87	1350.52
6390.41	5499.23	1338.31
6406.52	5498.32	1337.89
6582.96	5573.16	1360.02
6689.40	5627.21	1385.97
6774.06	5693.63	1385.30
6772.26	5635.28	1379.32
6754.46	5712.82	1375.14
6606.09	5662.30	1365.00
6865.66	5787.28	1390.99
6918.72	5808.77	1394.23
6967.95	5841.24	1401.35
6966.15	5845.92	1402.22
6964.99	5851.51	1402.80
6944.56	5847.11	1405.87
6909.68	5831.88	1404.11
6974.39	5864.78	1403.93
6946.80	5833.04	1405.53
6996.29	5834.51	1415.51
7040.88	5852.42	1418.16
7033.68	5824.37	1418.13
7089.32	5857.52	1413.17
7017.75	5774.20	1413.49
6949.57	5776.60	1402.08
6971.07	5776.60	1411.13
7047.45	5776.60	1410.44
7002.68	5775.71	1409.30
7010.57	5743.53	1410.49
6895.49	5719.45	1399.48
6970.79	5711.48	1406.58
7014.83	5758.41	1406.58
6932.58	5672.01	1404.94
6964.69	5657.86	1403.44
7167.33	5777.34	1432.12
7214.50	5794.80	1437.92
7213.70	5793.20	1429.08
7310.11	5792.19	1433.56
7343.53	5782.08	1436.56
7310.32	5819.92	1459.99
7412.13	5915.55	1465.77
7403.69	5893.52	1461.19
7347.69	5868.16	1459.32
7390.76	5888.48	1461.05
7389.49	5854.64	1460.26
7451.62	5852.62	1460.15
7413.16	5838.84	1456.89
7425.11	5859.71	1441.59
7276.51	5768.09	1433.32
7290.02	5779.42	1447.15
7216.15	5742.07	1440.67
7326.73	5820.45	1444.49
7305.86	5809.45	1445.75
7322.08	5825.81	1450.99
7305.21	5827.78	1461.40
7397.87	5871.02	1460.93
7291.21	5841.74	1455.88
7234.53	5810.25	1441.48
7205.23	5776.71	1432.56
7281.70	5829.75	1432.84
7232.49	5793.32	1428.59
7261.25	5805.61	1440.13
7376.27	5870.54	1454.92
7394.55	5910.91	1460.91
7437.23	5917.05	1457.34
7380.64	5896.15	1433.19
7328.05	5882.91	1433.82
7173.69	5797.91	1413.11
7192.85	5804.78	1408.75
7200.23	5805.05	1412.97
7231.85	5806.71	1411.94
7203.16	5795.10	1411.94
7284.40	5849.90	1411.94
7260.63	5782.70	1412.16
7335.67	5861.92	1427.59
7363.85	5868.55	1414.20
7326.47	5839.06	1417.26
7377.76	5884.90	1428.39
7232.83	5791.63	1394.53
7204.96	5776.05	1377.51
7163.50	5769.68	1379.85
7168.76	5767.27	1380.03
7169.12	5786.25	1374.53
7101.92	5722.01	1355.49
7043.42	5677.75	1353.33
6950.53	5605.59	1359.88
7123.84	5737.66	1386.89
7172.99	5748.10	1387.81
7184.71	5752.03	1391.03
7244.99	5791.03	1391.03
7309.13	5819.14	1409.15
7292.03	5786.72	1406.29
7332.33	5799.71	1398.94
7343.41	5803.28	1409.93
7400.96	5870.30	1415.95
7405.50	5866.82	1416.18
7435.21	5871.24	1409.46
7435.12	5869.04	1407.05
7454.55	5892.08	1409.28
7534.54	5901.42	1413.94
7517.80	5914.40	1418.07
7530.92	5921.63	1418.55
7589.75	5924.97	1427.84
7614.79	5945.85	1428.48
7581.98	5929.61	1419.45
7596.47	5921.76	1413.58
7604.94	5912.15	1430.36
7653.58	5935.90	1446.79
7668.50	5961.59	1435.81
7672.10	5958.34	1443.69
7636.23	5939.99	1430.15
7636.23	5954.18	1426.66
7636.23	5954.18	1426.66
7636.23	5954.18	1419.83
7655.88	5954.30	1418.10
7612.39	5925.37	1402.43
7612.39	5897.81	1426.19
7612.39	5897.81	1426.19
7778.78	6027.37	1462.42
7756.44	6047.34	1459.37
7776.37	6089.84	1466.47
7732.66	6064.58	1461.89
7695.83	6053.63	1457.15
7720.47	6098.65	1461.02
7708.47	6101.51	1472.12
7715.53	6121.58	1472.05
7729.52	6107.86	1470.68
7675.91	6117.31	1472.34
7691.13	6103.98	1472.63
7735.46	6132.36	1480.94
7702.23	6154.41	1485.98
7748.86	6180.98	1485.98
7696.21	6179.17	1492.56
7707.54	6197.64	1494.81
7748.13	6264.91	1494.82
7857.97	6284.45	1502.96
7833.00	6294.41	1500.18
7848.57	6339.19	1507.84
7811.31	6323.11	1501.96
7776.05	6276.88	1498.11
7833.39	6347.24	1513.17
7638.23	6246.84	1495.71
7664.66	6282.76	1511.29
7581.18	6295.34	1512.12
7590.85	6228.42	1509.39
7652.14	6263.93	1517.93
7633.74	6277.06	1517.01
7660.19	6338.38	1519.43
7711.89	6359.11	1520.33
7631.19	6327.36	1521.38
7593.51	6328.26	1519.79
7628.73	6318.19	1519.79
7752.45	6379.07	1530.94
7728.90	6395.37	1511.95
7583.57	6291.54	1502.42
7661.91	6335.70	1515.60
7773.19	6355.37	1487.85
7597.11	6270.44	1496.94
7675.83	6325.88	1515.99
7741.70	6360.81	1514.68
7708.16	6378.60	1518.20
7691.68	6345.63	1525.20
7870.31	6431.95	1539.79
7919.33	6427.64	1541.46
7939.77	6439.16	1544.26
7986.47	6483.58	1551.18
7984.29	6503.63	1556.22
7966.12	6510.62	1552.48
7970.91	6481.50	1554.52
8058.37	6529.41	1563.23
8042.85	6489.65	1560.70
8010.70	6457.92	1552.10
7947.79	6441.32	1548.34
8001.97	6432.70	1558.71
7932.51	6388.55	1545.80
7911.35	6392.76	1556.89
7870.90	6378.38	1551.69
7879.67	6399.37	1563.77
7789.09	6387.56	1562.85
7795.31	6411.74	1569.19
7795.31	6411.74	1569.19
7795.31	6411.74	1562.17
7943.87	6490.66	1570.25
7874.75	6420.28	1553.69
7817.39	6344.12	1559.98
7658.75	6249.78	1553.28
7662.64	6276.94	1563.07
7637.51	6313.21	1568.61
7810.63	6387.37	1587.73
7871.63	6416.14	1593.37
7744.77	6384.39	1588.85
7712.63	6343.60	1552.36
7682.58	6304.58	1574.57
7503.03	6244.21	1552.01
7473.73	6243.67	1541.61
7459.96	6286.59	1555.25
7478.11	6280.62	1562.50
7658.21	6406.12	1578.78
7759.03	6431.76	1578.79
7832.86	6442.59	1585.16
7814.76	6426.42	1582.24
7873.50	6458.02	1593.61
7913.71	6430.12	1597.57
7913.71	6451.29	1582.70
7961.71	6460.71	1597.59
8122.29	6521.46	1614.42
8112.08	6521.46	1617.50
8181.78	6557.30	1625.96
8249.71	6583.48	1632.69
8262.55	6592.74	1626.67
8278.59	6624.98	1633.70
8279.29	6631.76	1633.77
8339.11	6686.06	1650.34
8362.42	6693.55	1658.78
8369.87	6687.80	1650.47
8398.00	6723.06	1667.47
8455.83	6755.63	1666.29
8472.20	6803.87	1669.16
8530.89	6840.27	1655.35
8351.98	6696.79	1650.51
8305.32	6654.34	1649.60
8383.30	6654.34	1649.60
8480.87	6762.01	1660.06
8336.58	6627.17	1648.36
8400.20	6656.99	1654.41
8348.84	6583.09	1630.74
8285.80	6525.12	1640.42
8295.96	6558.58	1631.38
8196.18	6419.31	1608.90
8098.81	6336.11	1622.56
8254.68	6411.99	1643.38
8307.69	6400.45	1642.81
8222.46	6340.08	1626.13
8143.27	6299.45	1612.52
8095.39	6304.63	1636.36
8127.96	6308.26	1626.73
8215.73	6330.49	1639.04
8229.51	6374.21	1651.81
8197.08	6348.82	1628.93
7928.48	6159.51	1588.19
7789.24	6116.17	1592.43
7692.45	6029.10	1573.09
7811.30	6101.91	1588.03
7940.99	6165.48	1603.26
7990.75	6243.40	1613.20
7959.22	6215.47	1606.28
7983.92	6307.78	1614.96
7910.77	6303.94	1614.08
7829.32	6229.87	1615.41
7994.31	6421.67	1615.41
7806.00	6375.52	1631.89
7968.54	6450.07	1640.46
8057.75	6513.08	1652.32
8066.48	6504.96	1652.62
8158.80	6543.41	1675.02
8212.77	6544.94	1680.19
8234.81	6586.11	1682.50
8201.05	6556.35	1676.26
8254.72	6571.93	1680.91
8337.09	6634.36	1689.37
8331.57	6630.67	1692.09
8331.06	6623.17	1695.53
8314.23	6597.44	1692.39
8379.11	6620.43	1685.94
8298.98	6587.95	1690.25
8244.91	6554.79	1691.65
8259.03	6560.25	1685.33
8271.02	6570.95	1685.96
8275.97	6621.06	1685.73
8410.73	6681.98	1706.87
8406.94	6647.87	1709.67
8398.38	6619.58	1707.14
8299.73	6604.21	1697.37
8260.48	6511.21	1690.91
8318.32	6529.68	1697.48
8338.31	6583.39	1691.42
8359.25	6574.34	1689.47
8415.76	6611.94	1694.16
8438.12	6587.43	1685.39
8376.29	6483.34	1661.32
8391.94	6499.99	1655.83
8366.29	6465.73	1646.06
8300.03	6453.46	1652.35
8285.41	6390.84	1642.80
8397.89	6446.87	1656.96
8416.99	6492.10	1663.50
8435.15	6492.10	1656.78
8242.56	6440.97	1630.48
8157.90	6430.06	1634.96
8194.55	6483.05	1638.17
8103.15	6412.93	1632.97
8243.87	6506.19	1632.97
8180.71	6468.41	1639.77
8195.92	6474.74	1653.08
8234.98	6532.44	1655.08
8275.67	6547.33	1655.17
8276.32	6530.74	1671.71
8446.54	6583.99	1683.99
8495.73	6588.43	1689.13
8494.00	6588.98	1683.42
8509.42	6583.80	1687.99
8613.00	6622.86	1697.60
8596.95	6570.17	1704.76
8636.06	6558.82	1725.52
8694.18	6625.39	1722.34
8675.73	6596.43	1709.91
8635.29	6557.37	1701.84
8664.60	6571.46	1697.42
8665.63	6551.53	1692.77
8664.10	6565.59	1698.67
8661.51	6512.66	1691.75
8594.40	6462.22	1681.55
8689.14	6460.01	1695.00
8629.42	6437.50	1693.87
8597.91	6449.04	1678.66
8622.97	6453.88	1690.50
8591.58	6437.28	1676.12
8555.89	6365.83	1655.45
8516.69	6337.91	1656.40
8685.77	6430.49	1692.56
8724.83	6487.19	1703.20
8723.81	6507.65	1710.14
8804.44	6549.11	1698.06
8846.00	6571.59	1721.54
8811.98	6576.16	1733.15
8865.10	6622.58	1744.50
8867.22	6654.20	1744.66
8947.46	6695.66	1754.67
8919.86	6674.48	1746.38
8980.63	6713.18	1752.07
8985.74	6721.34	1759.77
8978.65	6725.82	1762.11
9022.04	6774.73	1771.95
9010.27	6777.70	1763.31
9033.92	6731.43	1756.54
9007.83	6734.74	1761.64
9037.23	6763.62	1767.93
9009.11	6746.84	1762.97
9040.87	6741.69	1770.49
9081.03	6697.22	1747.15
9078.28	6708.42	1770.61
9107.86	6728.37	1771.89
9076.48	6726.79	1767.69
9054.83	6630.00	1782.00
9149.66	6666.13	1790.62
9168.69	6693.44	1798.18
9225.43	6723.46	1791.53
9193.29	6698.01	1787.87
9202.07	6681.08	1781.37
9196.08	6681.33	1795.85
9219.04	6674.30	1804.76
9299.95	6694.62	1802.48
9290.07	6636.22	1802.75
9351.13	6649.47	1807.23
9387.37	6654.47	1807.23
9405.30	6650.57	1805.81
9401.96	6595.33	1800.90
9223.40	6532.43	1795.15
9140.63	6509.97	1792.81
9084.95	6498.33	1785.03
9172.41	6551.99	1805.09
9195.17	6559.48	1808.37
9114.44	6523.31	1802.62
9077.11	6507.72	1782.22
9017.00	6445.25	1775.50
9006.46	6439.96	1775.32
9163.56	6522.20	1786.54
9085.12	6486.19	1781.00
9181.75	6492.08	1810.65
9335.74	6584.70	1809.60
9400.18	6606.58	1818.32
9488.82	6678.61	1827.99
9488.82	6694.17	1833.32
9488.82	6694.17	1833.32
9488.82	6694.17	1842.02
9589.39	6750.87	1841.40
9552.16	6731.27	1841.07
9552.16	6749.09	1848.36
9552.16	6749.09	1848.36
9400.04	6717.91	1831.98
9435.15	6730.67	1831.37
9428.00	6730.73	1826.77
9506.20	6755.45	1837.88
9497.84	6721.78	1837.49
9421.61	6691.34	1838.13
9473.24	6739.94	1842.37
9510.17	6757.15	1819.20
9540.51	6766.86	1838.88
9733.81	6819.86	1848.38
9717.71	6815.42	1845.89
9742.96	6829.30	1838.70
9715.90	6836.73	1838.70
9730.12	6834.26	1843.80
9720.11	6826.33	1844.86
9631.04	6773.28	1828.46
9392.02	6663.74	1790.29
9349.22	6550.66	1781.56
9406.91	6572.33	1792.50
9336.73	6544.28	1774.20
9373.48	6538.45	1794.19
9306.48	6510.44	1782.59
9186.52	6465.66	1741.89
9127.91	6449.27	1755.20
9116.32	6457.89	1751.64
9256.58	6558.28	1773.43
9301.92	6571.68	1797.02
9289.86	6591.55	1799.84
9478.77	6672.66	1819.75
9540.00	6675.03	1819.26
9596.77	6659.42	1829.83
9662.40	6663.62	1838.63
9656.76	6736.00	1838.63
9659.78	6796.43	1840.76
9660.05	6796.71	1828.75
9618.85	6812.99	1839.78
9656.95	6838.06	1836.25
9708.94	6865.86	1847.61
9699.35	6830.50	1845.12
9661.73	6799.15	1845.16
9588.33	6810.27	1854.29
9692.08	6809.70	1859.45
9358.89	6708.35	1845.73
9589.15	6823.77	1873.91
9542.02	6775.42	1873.81
9542.87	6788.49	1877.03
9350.75	6712.67	1878.04
9265.50	6689.45	1877.17
9307.79	6685.52	1867.63
9188.69	6620.90	1868.20
9017.79	6553.78	1846.34
9056.41	6527.89	1841.13
9180.89	6568.35	1858.83
9242.55	6605.28	1872.25
9277.05	6573.13	1860.77
9296.12	6542.44	1872.01
9342.94	6557.17	1866.52
9188.77	6520.39	1857.44
9338.40	6604.89	1865.62
9448.58	6605.30	1852.56
9451.21	6588.32	1849.04
9587.19	6615.58	1857.62
9555.91	6598.37	1872.34
9603.71	6652.61	1885.52
9623.36	6659.04	1890.90
9628.82	6649.14	1888.77
9695.77	6695.55	1865.09
9510.85	6622.84	1845.04
9490.79	6590.69	1851.96
9506.35	6635.61	1872.18
9454.54	6641.97	1833.08
9315.29	6561.70	1815.69
9339.17	6583.76	1830.61
9173.71	6541.61	1842.98
9317.82	6584.17	1862.31
9409.71	6625.25	1864.85
9409.71	6625.25	1864.85
9409.71	6625.25	1871.89
9600.09	6681.76	1879.55
9544.19	6674.74	1875.39
9548.68	6703.00	1878.61
9401.55	6685.69	1863.40
9446.36	6700.16	1869.43
9584.12	6769.91	1878.33
9603.23	6780.03	1883.95
9603.23	6808.87	1883.68
9556.02	6822.42	1881.14
9529.50	6822.42	1884.66
9467.53	6798.56	1867.72
9521.30	6796.44	1878.21
9607.40	6839.25	1875.63
9581.45	6814.57	1878.48
9702.46	6851.75	1896.65
9754.43	6873.08	1897.45
9754.39	6878.49	1888.53
9656.05	6840.89	1870.85
9629.10	6855.81	1877.86
9659.39	6844.55	1885.08
9639.08	6802.00	1872.83
9697.87	6821.04	1888.03
9720.91	6820.56	1892.49
9768.01	6815.75	1900.53
9892.82	6815.75	1900.53
9940.82	6844.94	1911.91
9939.17	6851.22	1909.78
9938.90	6871.29	1920.03
9943.27	6844.51	1923.57
9950.12	6864.10	1924.97
9919.74	6836.30	1924.24
9926.67	6818.63	1927.88
9947.83	6813.49	1940.46
9987.19	6858.21	1949.44
10008.63	6875.00	1951.27
10028.80	6873.55	1950.79
9949.81	6838.87	1943.89
9938.70	6843.11	1930.11
9912.87	6777.85	1936.16
9883.98	6754.64	1937.78
9920.32	6766.77	1941.99
9930.33	6778.56	1956.98
10004.00	6808.11	1959.48
9987.24	6825.20	1962.87
9920.92	6800.56	1962.61
9938.08	6787.07	1949.98
9867.75	6733.62	1959.53
9804.90	6735.12	1957.22
9815.17	6757.77	1960.96
9833.07	6743.94	1960.23
9902.41	6802.92	1973.32
9911.27	6816.37	1974.62
10029.43	6865.21	1985.44
10009.08	6866.05	1985.44
9906.07	6823.51	1977.65
9772.67	6738.45	1963.71
9808.20	6718.04	1972.83
9659.13	6672.37	1964.68
9666.34	6690.17	1967.57
9783.01	6746.14	1977.10
9719.41	6710.45	1973.28
9859.27	6784.67	1981.57
9753.88	6738.32	1958.12
9720.02	6749.45	1978.22
9612.05	6728.44	1973.63
9734.33	6795.34	1983.53
9753.56	6798.15	1987.01
9794.06	6821.46	1987.98
9644.01	6791.55	1978.34
9598.17	6788.07	1978.91
9653.63	6807.75	1969.95
9593.68	6773.44	1970.07
9407.48	6730.11	1930.67
9210.08	6679.18	1925.15
9154.14	6677.52	1938.99
9189.74	6682.48	1920.21
9130.04	6636.16	1920.24
9038.97	6597.37	1909.57
9009.32	6567.36	1931.59
9180.74	6632.82	1936.92
9069.47	6632.42	1933.75
9198.88	6656.68	1946.72
9225.10	6685.26	1955.18
9092.60	6689.08	1955.06
9245.33	6741.25	1971.74
9334.28	6779.31	1981.60
9314.57	6755.48	1986.51
9401.53	6777.66	1992.37
9339.17	6775.25	1988.40
9510.14	6775.25	1997.92
9588.15	6822.76	2000.02
9569.71	6830.66	2000.12
9462.56	6805.80	1996.74
9470.17	6819.75	2003.37
9479.03	6825.31	2003.37
9507.02	6829.17	2002.28
9626.49	6873.58	2000.72
9724.26	6877.97	1997.65
9747.02	6855.10	2007.71
9758.03	6834.77	2001.54
9710.70	6829.00	1988.44
9700.17	6830.11	1995.69
9691.28	6799.62	1997.45
9651.13	6806.96	1985.54
9659.63	6804.21	1984.13
9632.93	6792.24	1998.98
9661.50	6780.90	2001.57
9798.13	6819.29	2011.36
9799.26	6837.92	2010.40
9749.54	6773.63	1994.29
9595.03	6676.08	1982.77
9661.97	6706.27	1998.30
9510.01	6639.71	1965.99
9490.55	6649.39	1982.85
9422.91	6646.60	1977.80
9474.30	6622.72	1972.29
9382.03	6557.52	1946.16
9195.68	6446.39	1946.17
9195.68	6527.91	1967.90
9209.51	6563.65	1964.82
9086.21	6495.58	1935.10
8995.33	6482.24	1968.89
9005.02	6431.85	1928.21
8788.81	6339.97	1906.13
8812.43	6366.24	1874.74
8825.21	6392.68	1877.70
8571.95	6211.64	1862.49
8582.90	6195.91	1862.76
8850.27	6310.29	1886.76
8717.76	6267.07	1904.01
8886.96	6372.33	1941.28
8940.14	6399.73	1927.11
9047.31	6419.15	1950.82
8987.80	6388.73	1964.58
8902.61	6363.46	1961.63
9068.19	6402.17	1985.05
9082.81	6453.87	1982.30
9114.84	6463.55	1994.65
9326.87	6546.47	2018.05
9251.70	6487.97	2017.81
9166.47	6453.97	2012.10
9315.48	6539.14	2023.57
9377.41	6551.15	2031.21
9291.83	6567.24	2031.92
9351.87	6611.25	2038.26
9369.03	6627.40	2039.68
9210.96	6611.04	2038.25
9248.51	6635.45	2039.33
9252.94	6654.37	2039.82
9306.35	6671.97	2041.32
9456.53	6709.13	2051.80
9472.80	6696.60	2048.72
9483.97	6678.90	2052.75
9732.55	6750.76	2063.50
9785.54	6729.79	2069.41
9861.21	6731.14	2067.03
9915.56	6729.17	2072.83
9974.87	6723.42	2072.83
9980.85	6722.62	2067.56
9963.51	6656.37	2053.44
9934.08	6742.10	2066.55
9971.79	6716.63	2074.33
9851.35	6679.37	2071.92
10087.12	6742.84	2075.37
10014.99	6672.15	2060.31
9793.71	6529.47	2059.82
9799.73	6500.04	2026.14
9862.53	6461.70	2035.33
9594.73	6300.63	2002.33
9334.01	6182.72	1989.63
9563.89	6331.83	1972.74
9544.43	6336.48	2012.89
9811.06	6466.00	2061.23
9786.96	6545.27	2070.65
9865.76	6576.74	2078.54
9922.11	6598.18	2082.17
9922.11	6609.93	2081.88
9922.11	6609.93	2081.88
9922.11	6609.93	2088.77
9927.13	6633.51	2090.57
9805.55	6547.00	2080.35
9805.55	6566.09	2058.90
